feibiao	20191116	20191122	20191123	20191214_1	20191215_1	max	average	times
Trialz	-1	0	-1	-1	-1	0	0.0	1
	464	-1	583	-1	580	583	542.333333333	3
Wh1t3zz	500	581	569	575	572	581	559.4	5
莫名闪退冰绝绝	591	597	593	595	-1	597	594.0	4
Sakura	241	481	-1	481	453	481	414.0	4
与春风皆过客	-1	-1	470	-1	-1	470	470.0	1
哈哈哈哈哈	-1	332	419	506	517	517	443.5	4
不能忍、火火	-1	423	-1	-1	-1	423	423.0	1
s炮加个好友	427	577	579	544	564	579	538.2	5
爱吃奶油羊	590	592	580	584	593	593	587.8	5
勿忘归	549	548	507	551	576	576	546.2	5
莫名欧气帅祖祖	-1	-1	499	-1	-1	499	499.0	1
M、Moo	436	-1	-1	-1	-1	436	436.0	1
黑丝姬米	586	594	598	598	596	598	594.4	5
嘟嘟强	-1	-1	230	-1	-1	230	230.0	1
可怜无助但能坑	-1	585	-1	589	589	589	587.666666667	3
小白做灯伴终生	461	491	511	511	484	511	491.6	5
土豆炖排骨	445	249	-1	-1	460	460	384.666666667	3
晓月烈雷暴丸	-1	591	577	-1	-1	591	584.0	2
初秋、夯先生	460	58	-1	483	460	483	365.25	4
要命	-1	-1	-1	589	601	601	595.0	2
弦语Z	-1	-1	-1	586	596	596	591.0	2
白ベ熊怪	-1	388	-1	366	-1	388	377.0	2
小b下忍	563	544	566	578	-1	578	562.75	4
世间灯火长明	-1	523	510	535	-1	535	522.666666667	3
困死了	569	581	562	588	576	588	575.2	5
桃子夏	598	596	584	586	597	598	592.2	5
此生必上忍者琳	549	-1	-1	-1	-1	549	549.0	1
一盏青灯渡佳人	568	584	583	547	-1	584	570.5	4
苍笙踏歌紫七七	597	599	598	599	600	600	598.6	5
跑图白给兔飞飞	558	588	571	564	575	588	571.2	5
咖喱蛋包饭丶	575	595	591	600	-1	600	590.25	4
细袖蔷薇	-1	-1	-1	518	576	576	547.0	2
兔兔辣么可爱	574	522	523	589	-1	589	552.0	4
白	449	-1	461	-1	-1	461	455.0	2
代肝最强阿木木	-1	-1	-1	597	596	597	596.5	2
啾啾	-1	540	-1	-1	-1	540	540.0	1
约火包加谁好友	-1	525	462	552	552	552	522.75	4
栖夜	470	-1	-1	-1	508	508	489.0	2
鬼鬼death	407	-1	463	-1	470	470	446.666666667	3
晴栀	473	-1	517	525	-1	525	505.0	3
左拥右抱陈北北	549	-1	-1	-1	-1	549	549.0	1
细雨	340	353	-1	366	-1	366	353.0	3
青伞	-1	-1	554	565	584	584	567.666666667	3
江湖故人归何处	280	12	-1	559	-1	559	283.666666667	3
小火山呐	551	559	568	591	588	591	571.4	5
哈撒给	546	573	515	574	562	574	554.0	5
心有萌虎	-1	-1	-1	561	580	580	570.5	2
彼岸霓虹彼岸歌	418	-1	-1	-1	-1	418	418.0	1
夜语	487	565	560	487	591	591	538.0	5
讨厌的周末	546	574	580	566	572	580	567.6	5
睡意朦胧苏墨墨	187	342	-1	579	578	579	421.5	4
功夫不好不要	-1	-1	-1	-1	438	438	438.0	1
有泮	431	-1	-1	-1	-1	431	431.0	1
风之夏云雨晴	161	-1	-1	196	-1	196	178.5	2
莫名纠结邦妮妮	-1	-1	-1	-1	450	450	450.0	1
冲击之刃	360	-1	131	417	-1	417	302.666666667	3
翩落雪无音	-1	-1	-1	590	-1	590	590.0	1
99、Lee	448	458	-1	-1	-1	458	453.0	2
青青子衿	450	399	431	-1	-1	450	426.666666667	3
莫得感情	-1	-1	-1	580	593	593	586.5	2
一只可爱多	547	547	553	564	575	575	557.2	5
静夜思语	-1	-1	-1	250	-1	250	250.0	1
初秋、千坂	-1	435	-1	-1	485	485	460.0	2
九九八十一	515	532	-1	-1	-1	532	523.5	2
清风	587	591	594	590	-1	594	590.5	4
柚稚	316	-1	-1	-1	-1	316	316.0	1
海映天蔚蓝ツ	-1	-1	491	-1	529	529	510.0	2
约炮加下好友	494	-1	504	-1	-1	504	499.0	2
胖ω丁	553	492	442	601	408	601	499.2	5
皮ω西	597	601	596	599	601	601	598.8	5
玖玖	-1	-1	519	-1	445	519	482.0	2
Any帷帷	-1	575	-1	549	533	575	552.333333333	3
莫名可爱筝妹妹	466	458	509	557	533	557	504.6	5
火柴侠	505	-1	508	499	-1	508	504.0	3
嘿来啊	530	-1	478	513	536	536	514.25	4
初秋、既白	556	591	576	562	-1	591	571.25	4
yang飞皇	577	583	386	-1	165	583	427.75	4
云深不知处	529	531	460	-1	-1	531	506.666666667	3
海不迎我自来也	459	261	-1	483	-1	483	401.0	3
冬咚咚	-1	-1	-1	443	-1	443	443.0	1
初秋、诺诺	596	598	600	595	591	600	596.0	5
纳百川	440	469	-1	488	-1	488	465.666666667	3
狂扁小朋友	456	-1	-1	-1	-1	456	456.0	1
Ming	482	569	582	573	568	582	554.8	5
蔡肥肥	445	-1	421	-1	-1	445	433.0	2
土豆泥	479	489	473	-1	518	518	489.75	4
total	16745	17281	16992	17507	17391
