bianfu	20191110	20191129	20191207_1	max	average	times
	-1	352	-1	352	352.0	1
Trialz	-1	3	-1	3	3.0	1
奇异博士	94	-1	-1	94	94.0	1
Wh1t3zz	308	-1	308	308	308.0	2
莫名闪退冰绝绝	291	335	341	341	322.333333333	3
今天又是满课呀	342	-1	-1	342	342.0	1
与春风皆过客	-1	-1	259	259	259.0	1
青伞	-1	-1	313	313	313.0	1
不能忍、火火	-1	300	-1	300	300.0	1
s炮加个好友	319	322	305	322	315.333333333	3
有琴无音	-1	346	285	346	315.5	2
爱吃奶油羊	357	368	370	370	365.0	3
月浮夜微凉ツ	354	-1	-1	354	354.0	1
一只可爱多	260	301	332	332	297.666666667	3
黑丝姬米	342	363	354	363	353.0	3
嘟嘟强	-1	274	-1	274	274.0	1
可怜无助但能坑	-1	357	-1	357	357.0	1
小白做灯伴终生	335	347	316	347	332.666666667	3
土豆炖排骨	295	-1	309	309	302.0	2
红豆	-1	255	259	259	257.0	2
初秋、夯先生	211	19	-1	211	115.0	2
真心是奢侈	196	-1	-1	196	196.0	1
弦语Z	-1	-1	321	321	321.0	1
白ベ熊怪	-1	229	248	248	238.5	2
小b下忍	240	-1	329	329	284.5	2
困死了	309	364	332	364	335.0	3
桃子夏	376	364	369	376	369.666666667	3
此生必上忍者琳	259	301	-1	301	280.0	2
一盏青灯渡佳人	289	311	308	311	302.666666667	3
苍笙踏歌紫七七	380	-1	370	380	375.0	2
跑图白给兔飞飞	302	317	308	317	309.0	3
咖喱蛋包饭丶	-1	376	319	376	347.5	2
细袖蔷薇	-1	195	-1	195	195.0	1
兔兔辣么可爱	-1	-1	328	328	328.0	1
代肝最强阿木木	-1	-1	285	285	285.0	1
啾啾	-1	284	-1	284	284.0	1
约火包加谁好友	287	298	-1	298	292.5	2
花舞丶千痕	-1	372	378	378	375.0	2
MM、Moo	235	-1	-1	235	235.0	1
鬼鬼death	278	283	291	291	284.0	3
晴栀	295	-1	-1	295	295.0	1
细雨	244	255	228	255	242.333333333	3
哈哈哈哈哈	205	222	-1	222	213.5	2
小火山呐	313	-1	314	314	313.5	2
哈撒给	300	307	325	325	310.666666667	3
只玩冰弓西瓜瓜	-1	332	304	332	318.0	2
夜语	295	339	327	339	320.333333333	3
讨厌的周末	335	-1	348	348	341.5	2
睡意朦胧苏墨墨	152	281	269	281	234.0	3
Any咕咕	-1	282	-1	282	282.0	1
空格	357	-1	-1	357	357.0	1
有泮	250	229	-1	250	239.5	2
莫名纠结邦妮妮	-1	-1	295	295	295.0	1
冲击之刃	-1	202	218	218	210.0	2
99、Lee	284	-1	-1	284	284.0	1
森白月光	-1	-1	326	326	326.0	1
青青子衿	291	293	-1	293	292.0	2
蛋糕奶茶加珍珠	302	-1	-1	302	302.0	1
莫得感情	-1	333	331	333	332.0	2
略略略	235	-1	-1	235	235.0	1
勿忘归	273	318	269	318	286.666666667	3
五花山牛驼子	245	-1	-1	245	245.0	1
静夜思语	245	-1	231	245	238.0	2
Clearlovex	317	-1	-1	317	317.0	1
初秋、千坂	-1	275	-1	275	275.0	1
带刺的玫瑰	229	-1	-1	229	229.0	1
清风	346	-1	306	346	326.0	2
海映天蔚蓝ツ	327	330	321	330	326.0	3
柚稚	239	-1	-1	239	239.0	1
约炮加下好友	307	-1	-1	307	307.0	1
胖ω丁	362	361	363	363	362.0	3
皮ω西	371	381	382	382	378.0	3
玖玖	-1	-1	286	286	286.0	1
莫名可爱筝妹妹	316	320	-1	320	318.0	2
火柴侠	305	216	220	305	247.0	3
嘿来啊	178	286	212	286	225.333333333	3
初秋、既白	292	-1	354	354	323.0	2
yang飞皇	-1	274	307	307	290.5	2
江湖故人归何处	-1	234	100	234	167.0	2
海不迎我自来也	319	336	280	336	311.666666667	3
冬咚咚	-1	-1	287	287	287.0	1
初秋、诺诺	352	362	366	366	360.0	3
纳百川	278	233	281	281	264.0	3
Ming	-1	-1	342	342	342.0	1
蔡肥肥	257	277	-1	277	267.0	2
土豆泥	285	306	325	325	305.333333333	3
total	9830	10119	10121
