wujin	20191108	20191122	20191130_2	max	average	times
	4067	2216	-1	4067	3141.5	2
Trialz	-1	191	-1	191	191.0	1
云深不知处	3060	-1	-1	3060	3060.0	1
桃子夏	2335	4067	3669	4067	3357.0	3
Wh1t3zz	-1	4052	4067	4067	4059.5	2
莫名闪退冰绝绝	-1	-1	4067	4067	4067.0	1
阿小生	-1	3106	-1	3106	3106.0	1
风之夏云雨晴	1651	1298	1491	1651	1480.0	3
土豆炖排骨	1731	-1	-1	1731	1731.0	1
青青子衿	-1	3866	-1	3866	3866.0	1
蔡肥肥	-1	-1	2712	2712	2712.0	1
清风	-1	-1	4067	4067	4067.0	1
海映天蔚蓝ツ	4067	-1	4067	4067	4067.0	2
柚稚	1731	-1	-1	1731	1731.0	1
讨厌的周末	-1	4067	4067	4067	4067.0	2
Ming	-1	-1	4067	4067	4067.0	1
此生必上忍者琳	-1	1617	1742	1742	1679.5	2
睡意朦胧苏墨墨	1297	1858	-1	1858	1577.5	2
今天又是满课呀	4067	-1	-1	4067	4067.0	1
弦语Z	-1	-1	3892	3892	3892.0	1
莫名没鞋金木木	1402	-1	-1	1402	1402.0	1
晓月烈雷暴丸	-1	1402	-1	1402	1402.0	1
哈哈哈哈哈	1918	-1	-1	1918	1918.0	1
不能忍、火火	-1	4013	2520	4013	3266.5	2
约炮加她好友	3690	-1	-1	3690	3690.0	1
有琴无音	-1	-1	4067	4067	4067.0	1
爱吃奶油羊	-1	-1	4067	4067	4067.0	1
勿忘归	-1	2688	2740	2740	2714.0	2
莫名纠结邦妮妮	-1	-1	185	185	185.0	1
跑图白给兔飞飞	-1	-1	3935	3935	3935.0	1
Any帷帷	-1	3237	-1	3237	3237.0	1
皮ω西	-1	-1	4067	4067	4067.0	1
莫名可爱筝妹妹	4067	3562	4067	4067	3898.66666667	3
细袖蔷薇	-1	-1	1732	1732	1732.0	1
一只可爱多	2430	2941	2886	2941	2752.33333333	3
改名变欧小老虎	3059	-1	-1	3059	3059.0	1
小b下忍	-1	4067	4067	4067	4067.0	2
青伞	-1	-1	4067	4067	4067.0	1
兔兔辣么可爱	-1	-1	4067	4067	4067.0	1
嘿来啊	1327	1457	2469	2469	1751.0	3
有泮	-1	-1	2868	2868	2868.0	1
白	-1	-1	1743	1743	1743.0	1
99、Lee	-1	1458	-1	1458	1458.0	1
啾啾	-1	4067	-1	4067	4067.0	1
初秋、既白	4022	-1	4067	4067	4044.5	2
蛋糕奶茶加珍珠	136	2771	-1	2771	1453.5	2
约火包加谁好友	3866	2430	-1	3866	3148.0	2
花舞丶千痕	-1	-1	4067	4067	4067.0	1
黑丝姬米	4067	4067	4067	4067	4067.0	3
yang飞皇	3292	-1	4009	4009	3650.5	2
Trial	2511	-1	-1	2511	2511.0	1
江湖故人归何处	129	2856	1731	2856	1572.0	3
与春风皆过客	-1	1458	-1	1458	1458.0	1
嘟嘟强	1732	-1	2430	2430	2081.0	2
哈撒给	-1	-1	1935	1935	1935.0	1
世间灯火长明	-1	4046	4067	4067	4056.5	2
可怜无助但能坑	-1	4067	3792	4067	3929.5	2
叫我女王大人	-1	2430	-1	2430	2430.0	1
玖玖	-1	-1	2711	2711	2711.0	1
鬼鬼death	3175	3205	2772	3205	3050.66666667	3
晴栀	4067	4067	4067	4067	4067.0	3
小白做灯伴终生	4067	4067	4067	4067	4067.0	3
困死了	-1	-1	4033	4033	4033.0	1
长安	2010	-1	-1	2010	2010.0	1
静夜思语	3060	-1	-1	3060	3060.0	1
初秋、诺诺	4067	4067	3661	4067	3931.66666667	3
纳百川	1834	1743	2517	2517	2031.33333333	3
夜语	-1	4022	4067	4067	4044.5	2
左拥右抱陈北北	849	-1	1358	1358	1103.5	2
心有萌虎	-1	-1	3836	3836	3836.0	1
细雨	2165	2062	2010	2165	2079.0	3
渎书人|拌公室	2448	-1	2855	2855	2651.5	2
无聊的孔乙己	1646	-1	-1	1646	1646.0	1
红豆	1841	1281	1640	1841	1587.33333333	3
初秋、夯先生	1663	169	-1	1663	916.0	2
四月是你的谎言	201	-1	-1	201	201.0	1
一盏青灯渡佳人	-1	-1	4067	4067	4067.0	1
苍笙踏歌紫七七	-1	-1	4067	4067	4067.0	1
白ベ熊怪	2430	1482	1708	2430	1873.33333333	3
也好先生	394	-1	-1	394	394.0	1
土豆泥	3225	3175	-1	3225	3200.0	2
小火山呐	-1	4067	4067	4067	4067.0	2
海不迎我自来也	-1	-1	4067	4067	4067.0	1
狂扁小朋友	2687	-1	1640	2687	2163.5	2
只玩冰弓西瓜瓜	-1	-1	4028	4028	4028.0	1
total	91057	100949	121341
