baoxiang	20191109	20191115	20191129	20191130_1	20191201_2	max	average	times
Trialz	-1	3	-1	-1	-1	3	3.0	1
	-1	-1	-1	55	-1	55	55.0	1
Wh1t3zz	56	59	58	57	55	59	57.0	5
莫名闪退冰绝绝	17	53	-1	50	50	53	42.5	4
Sakura	-1	37	-1	-1	-1	37	37.0	1
今天又是满课呀	56	59	-1	-1	-1	59	57.5	2
与春风皆过客	-1	-1	-1	-1	37	37	37.0	1
渎书人|拌公室	-1	-1	39	38	-1	39	38.5	2
不能忍、火火	-1	53	-1	38	-1	53	45.5	2
s炮加个好友	50	54	-1	-1	52	54	52.0	3
有琴无音	-1	-1	-1	42	56	56	49.0	2
爱吃奶油羊	56	57	59	57	57	59	57.2	5
月浮夜微凉ツ	60	-1	-1	-1	-1	60	60.0	1
勿忘归	48	50	49	48	53	53	49.6	5
莫名欧气帅祖祖	-1	56	54	54	-1	56	54.6666666667	3
M、Moo	47	-1	-1	-1	-1	47	47.0	1
哈哈哈哈哈	-1	35	-1	-1	45	45	40.0	2
黑丝姬米	54	57	56	57	53	57	55.4	5
嘟嘟强	41	38	-1	42	-1	42	40.3333333333	3
可怜无助但能坑	-1	-1	50	50	51	51	50.3333333333	3
小白做灯伴终生	42	-1	-1	44	41	44	42.3333333333	3
土豆炖排骨	-1	3	-1	-1	-1	3	3.0	1
晓月烈雷暴丸	-1	55	-1	-1	-1	55	55.0	1
红豆	34	-1	32	-1	-1	34	33.0	2
初秋、夯先生	-1	30	-1	-1	-1	30	30.0	1
真心是奢侈	-1	-1	-1	37	-1	37	37.0	1
一盏青灯渡佳人	49	57	56	55	54	57	54.2	5
白ベ熊怪	37	40	-1	44	28	44	37.25	4
也好先生	35	-1	-1	-1	-1	35	35.0	1
世间灯火长明	-1	-1	37	39	-1	39	38.0	2
困死了	49	49	-1	49	46	49	48.25	4
桃子夏	58	57	57	57	56	58	57.0	5
此生必上忍者琳	43	45	52	53	49	53	48.4	5
弦语Z	-1	-1	-1	55	55	55	55.0	2
苍笙踏歌紫七七	58	59	58	58	-1	59	58.25	4
稚员	-1	34	-1	-1	-1	34	34.0	1
咖喱蛋包饭丶	-1	53	56	56	-1	56	55.0	3
细袖蔷薇	-1	-1	55	55	55	55	55.0	3
小b下忍	47	56	-1	52	-1	56	51.6666666667	3
兔兔辣么可爱	-1	53	-1	55	56	56	54.6666666667	3
白	-1	-1	-1	39	-1	39	39.0	1
啾啾	-1	-1	3	-1	-1	3	3.0	1
约火包加谁好友	38	35	49	-1	46	49	42.0	4
花舞丶千痕	-1	-1	58	58	58	58	58.0	3
MYMoO	-1	49	-1	-1	-1	49	49.0	1
哈撒给	54	55	54	56	48	56	53.4	5
青伞	-1	-1	55	-1	54	55	54.5	2
鬼鬼death	-1	50	50	51	52	52	50.75	4
晴栀	42	-1	41	47	-1	47	43.3333333333	3
叫我女王大人	-1	-1	42	-1	-1	42	42.0	1
细雨	32	57	44	40	41	57	42.8	5
风吹	-1	-1	59	56	57	59	57.3333333333	3
云深不知处	-1	33	-1	-1	-1	33	33.0	1
小火山呐	52	56	57	58	58	58	56.2	5
跑图白给兔飞飞	45	51	52	53	53	53	50.8	5
心有萌虎	-1	-1	54	55	55	55	54.6666666667	3
彼岸霓虹彼岸歌	54	55	-1	-1	-1	55	54.5	2
夜语	54	57	-1	55	56	57	55.5	4
讨厌的周末	56	55	55	57	57	57	56.0	5
睡意朦胧苏墨墨	21	50	48	51	51	51	44.2	5
莫名没鞋金木木	36	-1	-1	-1	-1	36	36.0	1
Any咕咕	-1	46	50	43	-1	50	46.3333333333	3
莫名喵喵富萝莉	-1	39	-1	-1	-1	39	39.0	1
有泮	39	-1	-1	29	-1	39	34.0	2
有雄泮	-1	35	-1	-1	-1	35	35.0	1
莫名纠结邦妮妮	-1	-1	-1	37	38	38	37.5	2
冲击之刃	37	45	42	-1	-1	45	41.3333333333	3
99、Lee	48	-1	-1	-1	-1	48	48.0	1
青青子衿	-1	-1	-1	-1	41	41	41.0	1
蛋糕奶茶加珍珠	-1	51	50	-1	-1	51	50.5	2
莫得感情	-1	-1	51	-1	51	51	51.0	2
略略略	57	-1	-1	-1	-1	57	57.0	1
一只可爱多	53	51	-1	50	52	53	51.5	4
静夜思语	-1	36	43	43	-1	43	40.6666666667	3
初秋、千坂	-1	-1	40	32	38	40	36.6666666667	3
清风	-1	57	58	57	57	58	57.25	4
柚稚	42	34	-1	30	37	42	35.75	4
海映天蔚蓝ツ	40	-1	-1	45	44	45	43.0	3
Ming	53	-1	-1	53	-1	53	53.0	2
约炮加下好友	-1	-1	-1	-1	45	45	45.0	1
胖ω丁	50	58	-1	56	-1	58	54.6666666667	3
皮ω西	58	59	-1	58	57	59	58.0	4
玖玖	-1	-1	-1	44	47	47	45.5	2
Any帷帷	-1	48	-1	52	-1	52	50.0	2
莫名可爱筝妹妹	41	-1	-1	48	44	48	44.3333333333	3
火柴侠	-1	55	57	54	-1	57	55.3333333333	3
嘿来啊	39	20	35	50	57	57	40.2	5
初秋、既白	58	57	58	57	58	58	57.6	5
yang飞皇	46	52	54	54	50	54	51.2	5
江湖故人归何处	-1	9	36	36	38	38	29.75	4
海不迎我自来也	39	-1	-1	39	-1	39	39.0	2
初秋、诺诺	58	59	58	58	58	59	58.2	5
纳百川	41	40	40	41	43	43	41.0	5
狂扁小朋友	38	-1	-1	-1	-1	38	38.0	1
风间琉璃	40	-1	-1	-1	-1	40	40.0	1
蔡肥肥	-1	-1	38	-1	38	38	38.0	2
土豆泥	55	53	55	-1	-1	55	54.3333333333	3
只玩冰弓西瓜瓜	-1	-1	-1	43	44	44	43.5	2
total	1582	1674	1645	1671	1644
