xigua	20191110	20191115	20191206	20191207_2	20191208_1	max	average	times
	-1	294	245	273	298	298	277.5	4
奇异博士	202	-1	-1	-1	-1	202	202.0	1
Wh1t3zz	308	-1	310	306	309	310	308.25	4
莫名闪退冰绝绝	313	315	313	314	316	316	314.2	5
椒妹	-1	-1	304	-1	304	304	304.0	2
Sakura	-1	265	-1	-1	-1	265	265.0	1
今天又是满课呀	291	164	-1	-1	-1	291	227.5	2
与春风皆过客	-1	-1	-1	268	279	279	273.5	2
哈哈哈哈哈	234	239	248	-1	286	286	251.75	4
不能忍、火火	-1	288	-1	-1	-1	288	288.0	1
s炮加个好友	304	306	296	300	298	306	300.8	5
有琴无音	-1	-1	305	312	279	312	298.666666667	3
爱吃奶油羊	295	-1	225	197	292	295	252.25	4
勿忘归	302	302	307	307	310	310	305.6	5
莫名欧气帅祖祖	-1	-1	288	-1	285	288	286.5	2
黑丝姬米	299	303	305	314	310	314	306.2	5
嘟嘟强	-1	238	-1	-1	-1	238	238.0	1
可怜无助但能坑	-1	-1	293	307	305	307	301.666666667	3
小白做灯伴终生	300	301	306	305	304	306	303.2	5
土豆炖排骨	-1	-1	229	294	300	300	274.333333333	3
红豆	251	280	270	-1	269	280	267.5	4
初秋、夯先生	-1	261	160	-1	-1	261	210.5	2
真心是奢侈	-1	-1	-1	-1	248	248	248.0	1
一盏青灯渡佳人	292	-1	278	299	290	299	289.75	4
白ベ熊怪	-1	261	269	212	-1	269	247.333333333	3
小b下忍	292	-1	-1	304	-1	304	298.0	2
世间灯火长明	-1	-1	298	-1	-1	298	298.0	1
困死了	293	-1	291	292	288	293	291.0	4
桃子夏	-1	312	309	303	312	312	309.0	4
此生必上忍者琳	293	294	295	-1	-1	295	294.0	3
弦语Z	-1	-1	300	302	302	302	301.333333333	3
苍笙踏歌紫七七	310	-1	312	316	316	316	313.5	4
跑图白给兔飞飞	299	297	301	298	295	301	298.0	5
咖喱蛋包饭丶	-1	299	298	-1	-1	299	298.5	2
细袖蔷薇	-1	-1	-1	255	236	255	245.5	2
兔兔辣么可爱	-1	302	-1	285	-1	302	293.5	2
样	-1	-1	284	-1	-1	284	284.0	1
代肝最强阿木木	-1	-1	276	303	295	303	291.333333333	3
约火包加谁好友	285	298	295	303	297	303	295.6	5
花舞丶千痕	-1	-1	307	313	315	315	311.666666667	3
栖夜	-1	283	-1	-1	286	286	284.5	2
鬼鬼death	-1	-1	279	285	288	288	284.0	3
晴栀	259	296	295	-1	297	297	286.75	4
左拥右抱陈北北	-1	-1	35	-1	-1	35	35.0	1
细雨	226	249	256	264	246	264	248.2	5
青伞	-1	-1	281	285	296	296	287.333333333	3
江湖故人归何处	-1	282	293	-1	-1	293	287.5	2
小火山呐	-1	298	290	300	289	300	294.25	4
哈撒给	285	-1	279	285	-1	285	283.0	3
只玩冰弓西瓜瓜	-1	-1	-1	160	300	300	230.0	2
阿小生	-1	-1	248	-1	-1	248	248.0	1
夜语	293	285	282	289	281	293	286.0	5
讨厌的周末	290	295	-1	291	300	300	294.0	4
睡意朦胧苏墨墨	241	274	278	269	267	278	265.8	5
莫名没鞋金木木	282	-1	-1	-1	-1	282	282.0	1
Any咕咕	-1	296	302	-1	-1	302	299.0	2
冲击之刃	-1	-1	262	276	279	279	272.333333333	3
风之夏云雨晴	250	-1	-1	-1	-1	250	250.0	1
莫名纠结邦妮妮	-1	-1	-1	289	283	289	286.0	2
有泮	278	-1	-1	-1	-1	278	278.0	1
养猫咪的Cyt	-1	-1	-1	-1	214	214	214.0	1
99、Lee	-1	296	-1	-1	-1	296	296.0	1
森白月光	-1	283	293	300	177	300	263.25	4
青青子衿	286	299	300	-1	276	300	290.25	4
蛋糕奶茶加珍珠	257	-1	-1	-1	-1	257	257.0	1
莫得感情	-1	-1	309	304	309	309	307.333333333	3
一只可爱多	287	297	298	293	298	298	294.6	5
静夜思语	-1	236	255	256	267	267	253.5	4
九九八十一	-1	293	-1	-1	-1	293	293.0	1
清风	-1	305	303	313	312	313	308.25	4
海映天蔚蓝ツ	302	-1	307	-1	312	312	307.0	3
柚稚	259	281	-1	-1	-1	281	270.0	2
约炮加下好友	-1	299	-1	-1	-1	299	299.0	1
胖ω丁	306	290	315	316	27	316	250.8	5
皮ω西	315	316	317	313	316	317	315.4	5
玖玖	-1	-1	-1	288	283	288	285.5	2
Any帷帷	-1	-1	302	-1	-1	302	302.0	1
莫名可爱筝妹妹	276	295	296	-1	293	296	290.0	4
火柴侠	-1	296	281	-1	-1	296	288.5	2
嘿来啊	258	270	193	240	278	278	247.8	5
初秋、既白	300	312	312	310	309	312	308.6	5
yang飞皇	-1	296	290	288	281	296	288.75	4
云深不知处	280	297	-1	-1	-1	297	288.5	2
海不迎我自来也	302	303	304	302	-1	304	302.75	4
冬咚咚	-1	-1	286	294	289	294	289.666666667	3
初秋、诺诺	295	303	308	308	307	308	304.2	5
纳百川	-1	255	101	275	279	279	227.5	4
狂扁小朋友	-1	198	-1	-1	-1	198	198.0	1
无聊的孔乙己	-1	213	-1	-1	-1	213	213.0	1
Ming	307	303	304	311	305	311	306.0	5
蔡肥肥	275	253	-1	-1	-1	275	264.0	2
有详	-1	-1	283	-1	-1	283	283.0	1
土豆泥	-1	291	301	294	301	301	296.75	4
Whilt3zz	-1	305	-1	-1	-1	305	305.0	1
心有萌虎	-1	-1	304	303	304	304	303.666666667	3
total	8884	9036	9157	9174	9157
