hetun	20191201_1	20191206	max	average	times
困死了	125	148	148	136.5	2
	141	-1	141	141.0	1
桃子夏	151	156	156	153.5	2
Wh1t3zz	137	138	138	137.5	2
哈哈哈哈哈	100	139	139	119.5	2
彼岸霓虹彼岸歌	122	-1	122	122.0	1
莫名闪退冰绝绝	139	159	159	149.0	2
阿小生	-1	107	107	107.0	1
椒妹	-1	148	148	148.0	1
夜语	151	152	152	151.5	2
青青子衿	122	-1	122	122.0	1
叫我女王大人	-1	86	86	86.0	1
清风	-1	169	169	169.0	1
柚稚	-1	140	140	140.0	1
海映天蔚蓝ツ	135	152	152	143.5	2
讨厌的周末	112	-1	112	112.0	1
此生必上忍者琳	134	129	134	131.5	2
睡意朦胧苏墨墨	129	148	148	138.5	2
弦语Z	142	140	142	141.0	2
与春风皆过客	131	155	155	143.0	2
胖ω丁	120	175	175	147.5	2
皮ω西	176	182	182	179.0	2
苍笙踏歌紫七七	-1	143	143	143.0	1
s炮加个好友	149	150	150	149.5	2
有琴无音	123	156	156	139.5	2
爱吃奶油羊	159	174	174	166.5	2
Any咕咕	-1	133	133	133.0	1
勿忘归	135	150	150	142.5	2
莫名欧气帅祖祖	-1	126	126	126.0	1
Any帷帷	-1	158	158	158.0	1
冲击之刃	-1	146	146	146.0	1
莫名可爱筝妹妹	151	140	151	145.5	2
纳百川	125	-1	125	125.0	1
一只可爱多	116	141	141	128.5	2
风吹	138	-1	138	138.0	1
火柴侠	130	-1	130	130.0	1
海不迎我自来也	145	144	145	144.5	2
莫名纠结邦妮妮	136	-1	136	136.0	1
嘿来啊	116	144	144	130.0	2
有泮	-1	108	108	108.0	1
养猫咪的Cyt	-1	152	152	152.0	1
代肝最强阿木木	-1	180	180	180.0	1
初秋、既白	134	147	147	140.5	2
约火包加谁好友	123	144	144	133.5	2
花舞丶千痕	145	164	164	154.5	2
黑丝姬米	158	165	165	161.5	2
yang飞皇	141	141	141	141.0	2
风之夏云雨晴	-1	106	106	106.0	1
江湖故人归何处	69	130	130	99.5	2
嘟嘟强	-1	128	128	128.0	1
森白月光	132	142	142	137.0	2
莫得感情	136	158	158	147.0	2
细袖蔷薇	88	-1	88	88.0	1
可怜无助但能坑	159	169	169	164.0	2
冬咚咚	-1	103	103	103.0	1
约炮加她好友	-1	147	147	147.0	1
Sakura	131	-1	131	131.0	1
晴栀	-1	154	154	154.0	1
初秋、诺诺	146	151	151	148.5	2
哈撒给	115	128	128	121.5	2
静夜思语	142	147	147	144.5	2
小白做灯伴终生	151	152	152	151.5	2
鬼鬼death	121	135	135	128.0	2
土豆炖排骨	124	-1	124	124.0	1
左拥右抱陈北北	-1	130	130	130.0	1
细雨	-1	76	76	76.0	1
青伞	139	151	151	145.0	2
红豆	107	110	110	108.5	2
初秋、夯先生	-1	110	110	110.0	1
Ming	125	151	151	138.0	2
一盏青灯渡佳人	130	155	155	142.5	2
小火山呐	129	132	132	130.5	2
白ベ熊怪	-1	126	126	126.0	1
初秋、千坂	-1	107	107	107.0	1
土豆泥	116	129	129	122.5	2
世间灯火长明	-1	150	150	150.0	1
只玩冰弓西瓜瓜	140	-1	140	140.0	1
跑图白给兔飞飞	137	158	158	147.5	2
心有萌虎	144	162	162	153.0	2
total	4323	4756
