name	feibiao_20191214_1	score	jinbi_20191214_2	score	feibiao_20191215_1	score	lidai_20191215_2	score	total_score
Trialz	-1	-1	-1	-1	-1	-1	-1	-1	-4.0
Wh1t3zz	575	1.5	2998	1.5	572	1.5	74	2	6.5
莫名闪退冰绝绝	595	3	2913	1	-1	-1	-1	-1	2.0
椒妹	-1	-1	-1	-1	-1	-1	-1	-1	-4.0
Sakura	481	0	-1	0	453	0	54	0.25	0.25
 	-1	-1	-1	-1	580	1.5	-1	-1	-1.5
哈哈哈哈哈	506	-0.5	2906	1	517	-0.5	45	-1	-0.5
s炮加个好友	544	0.25	-1	-1	564	0	68	1.5	0.75
爱吃奶油羊	584	0.75	-1	0	593	1	64	0	1.75
勿忘归	551	1	3019	1.5	576	1.5	63	1	5.0
莫名欧气帅祖祖	-1	-1	-1	-1	-1	-1	-1	-1	-4.0
约炮加个好友（白）	-1	0	-1	0	-1	-1	-1	-1	-2.0
黑丝姬米	598	3	2737	0.5	596	3	59	0.5	7.0
嘟嘟强	-1	-1	-1	-1	-1	-1	-1	-1	-4.0
可怜无助但能坑	589	1.5	2954	1.5	589	1.5	66	1.5	6.0
小白做灯伴终生	511	-0.5	-1	-1	484	-0.5	64	1	-0.5
土豆炖排骨	-1	-1	2763	0.5	460	-1	-1	-1	-2.5
冷眸☆梦羽	-1	-1	-1	-1	-1	0	-1	0	-2.0
真心是奢侈	-1	-1	-1	-1	-1	-1	47	-0.5	-3.5
弦语Z	586	1.5	2908	1	596	3	68	1.5	7.0
白ベ熊怪	366	-1	2546	-0.5	-1	-1	-1	-1	-3.5
小b下忍	578	1.5	2459	-1	-1	0	-1	0	0.5
世间灯火长明	535	0.5	2725	0.5	-1	0	-1	0	1.0
困死了	588	1.5	2933	1.5	576	1.5	61	1	5.5
桃子夏	586	1.5	3015	1.5	597	3	68	1.5	7.5
初秋、夯先生	483	-0.5	2704	0.5	460	-1	41	-1	-1.0
此生必上忍者琳	-1	0	-1	0	-1	0	-1	0	0.0
一盏青灯渡佳人	547	1	2888	1	-1	-1	65	1.5	2.5
苍笙踏歌紫七七	599	3	3030	2	600	3	49	-0.5	7.5
跑图白给兔飞飞	564	1	2801	0.5	575	1.5	61	1	4.0
咖喱蛋包饭丶	600	3	2967	0.75	-1	-1	53	0.5	3.25
细袖蔷薇	518	-0.5	2653	0.5	576	1.5	56	0.5	2.0
兔兔辣么可爱	589	0.75	3047	1	-1	0	-1	0	1.75
代肝最强阿木木	597	3	3014	1.5	596	1	71	1	6.5
约火包加谁好友	552	1	2921	1	552	1	49	-0.5	2.5
花舞丶千痕	-1	-1	-1	-1	-1	-1	-1	-1	-4.0
约炮加她好友	-1	0	-1	0	-1	0	-1	0	0.0
栖夜	-1	-1	-1	-1	508	-0.5	-1	0	-2.5
鬼鬼death	-1	0	-1	0	470	-0.5	45	-1	-1.5
晴栀	525	0.5	2455	-1	-1	0	50	0	-0.5
叫我女王大人	-1	0	1648	0	-1	0	-1	0	0.0
左拥右抱陈北北	-1	0	-1	0	-1	0	-1	0	0.0
细雨	366	-1	-1	-1	-1	-1	-1	-1	-4.0
青伞	565	1	2855	1	584	1.5	68	1.5	5.0
小火山呐	591	2	2851	1	588	1.5	69	1.5	6.0
哈撒给	574	1.5	2307	-1	562	1	59	0.5	2.0
心有萌虎	561	0	2813	0.5	580	1.5	53	0.5	2.5
风雪夜归人	-1	-1	-1	-1	-1	-1	-1	-1	-4.0
夜语	487	-0.5	2897	1	591	2	67	1.5	4.0
讨厌的周末	566	1	2613	-0.5	572	1.5	-1	-1	1.0
睡意朦胧苏墨墨	579	1.5	2653	0.5	578	1.5	59	0.5	4.0
功夫不好不要	-1	-1	2026	-1	438	-1	41	-1	-2.0
Any咕咕	-1	0	-1	0	-1	0	-1	0	0.0
冲击之刃	417	-1	2502	-0.5	-1	0	-1	-1	-2.5
风之夏云雨晴	196	0	2698	0.25	-1	-1	-1	-1	-1.75
莫名纠结邦妮妮	-1	-1	-1	-1	450	-1	43	-1	-4.0
翩落雪无音	590	2	3040	2	-1	0	-1	0	4.0
养猫咪的Cyt	-1	0	-1	0	-1	0	-1	0	0.0
森白月光	-1	-1	-1	-1	-1	-1	42	-1	-4.0
蛋糕奶茶加珍珠	-1	0	-1	0	-1	0	-1	0	0.0
莫得感情	580	1.5	2934	1.5	593	2	45	-1	4.0
阿隆	-1	0	-1	0	-1	-1	-1	-1	-2.0
一只可爱多	564	1	2899	1	575	1.5	60	1	4.5
五花山牛驼子	-1	0	-1	0	-1	-1	-1	-1	-2.0
静夜思语	250	-1	2801	0.5	-1	-1	-1	-1	-2.5
初秋、千坂	-1	0	-1	0	485	0	52	0.25	0.25
带刺的玫瑰	-1	0	-1	0	-1	-1	-1	-1	-2.0
天下谷	-1	0	-1	0	-1	0	-1	0	0.0
清风	590	2	3010	1.5	-1	0	-1	0	3.5
海映天蔚蓝ツ	-1	0	-1	0	529	0.5	52	0.5	1.0
约炮加下好友	-1	-1	-1	-1	-1	-1	-1	-1	-4.0
胖ω丁	601	3	2953	1.5	408	-1	60	1	4.5
皮ω西	599	3	3033	2	601	3	72	2	10.0
玖玖	-1	-1	-1	-1	445	-1	-1	-1	-4.0
Any帷帷	549	0	2786	0.25	533	0.25	-1	0	0.5
莫名可爱筝妹妹	557	0	2655	0.25	533	0.25	53	0.25	0.75
冰山蝶雨忆江南	-1	-1	-1	-1	-1	-1	-1	-1	-4.0
火柴侠	499	-0.5	2756	0.5	-1	-1	-1	-1	-2.0
嘿来啊	513	-0.5	2927	1.5	536	0.5	68	1.5	3.0
初秋、既白	562	1	3018	1.5	-1	0	-1	0	2.5
yang飞皇	-1	-1	2825	1	165	-1	63	1	0.0
江湖故人归何处	559	1	2381	-1	-1	-1	-1	-1	-2.0
海不迎我自来也	483	0	-1	0	-1	0	40	0	0.0
冬咚咚	443	-1	871	-1	-1	-1	-1	-1	-4.0
初秋、诺诺	595	3	2972	1.5	591	2	67	1.5	8.0
纳百川	488	-0.5	2558	-0.5	-1	-1	52	0.5	-0.75
Ming	573	1.5	-1	-1	568	1	52	0.5	2.0
蔡肥肥	-1	-1	-1	-1	-1	-1	-1	-1	-4.0
土豆泥	-1	-1	2493	-1	518	-0.5	-1	-1	-3.5
要命	589	0.75	2970	0.75	601	1	65	0.75	3.25
