name	rank	damage	score
Trialz	0	0	-4
Wh1t3zz	11	2992283	2
莫名闪退冰绝绝	14	2842088	2
Sakura	50	1241980	0.5
 	0	0	-4
与春风皆过客	72	578495	0
哈哈哈哈哈	71	585134	0
不能忍、火火	7	3260415	3
s炮加个好友	39	1808819	0.5
有琴无音	15	2797588	2
爱吃奶油羊	4	3673739	3
勿忘归	27	2245835	1
莫名欧气帅祖祖	69	636361	0
M、Moo	66	715011	0
细嗅蔷薇	0	0	-4
黑丝姬米	6	3531047	3
嘟嘟强	73	549449	0
可怜无助但能坑	31	2042799	1
小白做灯伴终生	10	3033968	3
夜语	40	1753504	0.5
红豆	59	855728	0
冷眸☆梦羽	0	0	-4
真心是奢侈	82	296949	0
一盏青灯渡佳人	24	2304786	1
白ベ熊怪	54	1040105	0
也好先生	0	0	-4
世间灯火长明	41	1619193	0.25
困死了	57	910939	0
桃子夏	5	3636442	3
林青	0	0	-4
初秋、夯先生	29	2163863	1
苏仙阁、星语	48	1269080	0.5
此生必上忍者琳	70	597091	0
弦语Z	45	1375328	0.5
苍笙踏歌紫七七	2	4217356	4
咖喱蛋包饭丶	42	1565430	0.5
小b下忍	60	852323	0
兔兔辣么可爱	0	0	0
白	83	240569	0
啾啾	0	0	-4
约火包加谁好友	21	2474232	1
花舞丶千痕	81	306679	0
栖夜	25	2280258	1
哈撒给	0	0	-4
鬼鬼death	38	1834700	0.5
晴栀	16	2789076	1
叫我女王大人	51	1145199	0
左拥右抱陈北北	36	1853272	0.5
细雨	75	520575	0
青伞	33	1988257	1
心有猛虎	0	0	-4
小火山呐	12	2989563	2
跑图白给兔飞飞	17	2740754	2
只玩冰弓西瓜瓜	34	1963838	1
Xing	0	0	-4
彼岸霓虹彼岸歌	0	0	-4
阿小生	74	527208	0
土豆炖排骨	52	1086707	0
讨厌的周末	20	2609249	2
睡意朦胧苏墨墨	76	495766	0
Any咕咕	19	2628037	2
冲击之刃	46	1361719	0.5
风之夏云雨晴	85	173143	0
莫名纠结邦妮妮	0	0	-4
有泮	79	419203	0
99、Lee	65	717935	0
森白月光	0	0	-4
青青子衿	56	989434	0
蛋糕奶茶加珍珠	44	1423037	0.5
莫得感情	30	2071837	1
阿隆	58	870244	0
一只可爱多	32	2016773	1
五花山牛驼子	55	995977	0
静夜思语	53	1079155	0
初秋、千坂	49	1258635	0.5
带刺的玫瑰	0	0	-4
清风	8	3148603	3
海映天蔚蓝ツ	37	1842255	0.5
柚稚	64	727556	0
约炮加下好友	80	313572	0
胖ω丁	3	4120861	4
皮ω西	1	4741019	4
玖玖	63	728975	0
Any帷帷	18	2698112	2
莫名可爱筝妹妹	22	2417429	1
火柴侠	84	225265	0
嘿来啊	61	837188	0
风吹	0	0	-4
初秋、既白	9	3039278	3
yang飞皇	23	2315223	1
江湖故人归何处	86	168340	0
渎书人|拌公室	43	1563570	0.5
海不迎我自来也	77	493019	0
初秋、诺诺	26	2270794	1
纳百川	47	1301936	0.5
狂扁小朋友	67	663373	0
Ming	13	2950046	2
蔡肥肥	78	448404	0
土豆泥	35	1879655	1
