name	bianfu_20191207_1	score	xigua_20191207_2	score	xigua_20191208_1	score	jinbi_20191208_2	score	total_score
	-1	-1	-1	-1	-1	-1	-1	-1	-4.0
Trialz	-1	-1	-1	-1	-1	-1	-1	-1	-4.0
Wh1t3zz	308	0.5	306	1.5	309	1.5	2892	1	4.5
莫名闪退冰绝绝	341	1	314	3	316	3	3043	2	9.0
椒妹	-1	0	-1	0	304	0.75	-1	0	0.75
Sakura	-1	-1	-1	-1	-1	0	-1	0	-2.0
与春风皆过客	259	-1	268	-0.5	279	0.5	2477	-1	-1.0
哈哈哈哈哈	-1	0	-1	0	286	1	2944	1.5	2.5
s炮加个好友	305	0.25	300	1.5	298	0	2939	1.5	3.25
有琴无音	285	-0.5	312	2	279	0.5	2911	1	3.0
爱吃奶油羊	370	2	197	-1	292	1	3045	2	4.0
勿忘归	269	-0.5	307	1.5	310	2	2993	1.5	4.5
莫名欧气帅祖祖	-1	-1	-1	-1	285	1	-1	-1	-2.0
约炮加个好友（白）	-1	0	-1	0	-1	0	-1	0	0.0
黑丝姬米	354	1.5	314	3	310	2	2810	0.5	7.0
嘟嘟强	-1	-1	-1	-1	-1	-1	-1	-1	-4.0
可怜无助但能坑	-1	-1	307	1.5	305	1.5	3013	1.5	3.5
小白做灯伴终生	316	0.5	305	1.5	304	1.5	3016	1.5	5.0
夜语	327	1	289	1	281	1	2948	1.5	4.5
红豆	259	-1	-1	-1	269	-0.5	2069	-1	-1.75
冷眸☆梦羽	-1	-1	-1	-1	-1	0	-1	0	-2.0
真心是奢侈	-1	0	-1	0	248	0	-1	0	0.0
一盏青灯渡佳人	308	0.5	299	1	290	1	2870	1	3.5
白ベ熊怪	248	-1	212	-1	-1	0	-1	0	-2.0
小b下忍	329	1	304	1.5	-1	0	-1	0	2.5
世间灯火长明	-1	0	-1	0	-1	-1	-1	-1	-2.0
困死了	332	1	292	1	288	1	2926	1.5	4.5
桃子夏	369	1.5	303	1.5	312	2	3016	1.5	6.5
林青	-1	-1	-1	-1	-1	-1	-1	-1	-4.0
初秋、夯先生	-1	-1	-1	-1	-1	-1	-1	-1	-4.0
苏仙阁、星语	-1	-1	-1	-1	-1	-1	-1	-1	-4.0
此生必上忍者琳	-1	0	-1	0	-1	0	-1	0	0.0
弦语Z	321	1	302	1.5	302	1.5	2994	1.5	5.5
苍笙踏歌紫七七	370	2	316	3	316	3	2954	1.5	9.5
咖喱蛋包饭丶	319	0.5	-1	0	-1	0	-1	0	0.5
细袖蔷薇	-1	-1	255	-0.5	236	-1	2874	1	-0.75
兔兔辣么可爱	328	0	285	0	-1	0	2994	0.75	0.75
代肝最强阿木木	285	-0.5	303	1.5	295	1	2987	1.5	3.5
约火包加谁好友	-1	0	303	0.75	297	1	2965	1.5	3.25
花舞丶千痕	378	2	313	2	315	3	3027	2	9.0
约炮加她好友	-1	-1	-1	-1	-1	-1	-1	-1	-4.0
栖夜	-1	-1	-1	0	286	1	-1	-1	-1.0
哈撒给	325	1	285	1	-1	-1	-1	-1	0.0
鬼鬼death	291	0.5	285	1	288	1	2906	1	3.5
晴栀	-1	0	-1	0	297	0	-1	0	0.0
叫我女王大人	-1	-1	-1	-1	-1	0	-1	0	-2.0
左拥右抱陈北北	-1	-1	-1	-1	-1	-1	-1	-1	-4.0
细雨	228	-1	264	-0.5	246	-0.5	1827	-1	-1.5
青伞	313	0.5	285	1	296	1	2862	1	3.5
小火山呐	314	0.25	300	0.75	289	1	2876	1	3.0
跑图白给兔飞飞	308	0.5	298	1	295	1	2927	1.5	4.0
心有萌虎	-1	-1	303	1.5	304	1.5	2897	1	3.0
Xing	-1	0	-1	0	-1	0	-1	0	0.0
土豆炖排骨	309	0.5	294	1	300	1.5	2636	-0.5	2.5
讨厌的周末	348	1	291	1	300	0.75	3018	0.75	3.5
睡意朦胧苏墨墨	269	-0.5	269	-0.5	267	-0.5	2622	-0.5	-1.0
Any咕咕	-1	0	-1	0	-1	0	-1	0	0.0
冲击之刃	218	-1	276	0.5	279	0.25	2613	0	-0.25
风之夏云雨晴	-1	0	-1	0	-1	-1	2801	0.5	-0.5
莫名纠结邦妮妮	295	0.5	289	1	283	1	2768	0.5	3.0
有泮	-1	-1	-1	-1	-1	-1	-1	-1	-4.0
养猫咪的Cyt	-1	-1	-1	0	214	-1	-1	0	-2.0
99、Lee	-1	-1	-1	-1	-1	-1	-1	-1	-4.0
森白月光	326	1	300	1.5	177	-1	2818	0.5	2.0
青青子衿	-1	-1	-1	-1	276	0.5	-1	-1	-2.5
蛋糕奶茶加珍珠	-1	0	-1	0	-1	0	-1	0	0.0
莫得感情	331	1	304	1.5	309	1.5	2932	1.5	5.5
阿隆	-1	0	-1	0	-1	-1	-1	-1	-2.0
一只可爱多	332	1	293	1	298	1	2902	1	4.0
五花山牛驼子	-1	0	-1	0	-1	0	-1	0	0.0
静夜思语	231	-1	256	-0.5	267	-0.5	2891	1	-0.5
初秋、千坂	-1	0	-1	0	-1	0	-1	0	0.0
带刺的玫瑰	-1	-1	-1	-1	-1	0	-1	0	-2.0
M、Moo	-1	-1	-1	-1	-1	-1	-1	-1	-4.0
清风	306	0.5	313	2	312	2	2920	1	5.5
海映天蔚蓝ツ	321	1	-1	-1	312	2	2891	1	3.0
柚稚	-1	-1	-1	-1	-1	-1	-1	-1	-4.0
约炮加下好友	-1	0	-1	0	-1	0	-1	0	0.0
胖ω丁	363	1.5	316	3	27	-1	3059	2	5.5
皮ω西	382	3	313	2	316	3	3027	2	10.0
玖玖	286	-0.5	288	1	283	1	2224	-1	0.5
Any帷帷	-1	0	-1	0	-1	0	-1	0	0.0
莫名可爱筝妹妹	-1	0	-1	0	293	0	2544	0	0.0
火柴侠	220	-1	-1	-1	-1	-1	-1	-1	-4.0
嘿来啊	212	-1	240	-1	278	0.5	2835	1	-0.25
初秋、既白	354	1.5	310	2	309	1.5	2967	1.5	6.5
yang飞皇	307	0.5	288	1	281	1	2784	0.5	3.0
江湖故人归何处	100	0	-1	0	-1	-1	-1	-1	-2.0
海不迎我自来也	280	0	302	1.5	-1	-1	-1	-1	-0.5
冬咚咚	287	-0.5	294	1	289	1	2321	-1	0.5
初秋、诺诺	366	1.5	308	1.5	307	1.5	2998	1.5	6.0
纳百川	281	-0.5	275	0.5	279	0.5	2516	-0.5	0.0
狂扁小朋友	-1	-1	-1	-1	-1	-1	-1	-1	-4.0
Ming	342	1	311	2	305	1.5	-1	-1	3.5
蔡肥肥	-1	0	-1	0	-1	0	-1	0	0.0
土豆泥	325	1	294	1	301	1.5	2755	0.5	4.0
只玩冰弓西瓜瓜	304	0.5	160	-1	300	1.5	2938	1.5	2.5
