name	lidai_20191116	score	feibiao_20191116	score	lidai_20191117	score	hetun_20191117	score	total_score
困死了	54	0.5	569	1	58	0.5	100	-0.5	1.5
九九八十一	-1	-1	515	-0.5	-1	-1	-1	-1	-3.5
桃子夏	-1	-1	598	2	57	0.5	109	2	3.5
Wh1t3zz	74	2	500	-0.5	76	3	-1	-1	3.5
彼岸霓虹彼岸歌	57	0.5	418	-1	-1	-1	109	2	0.5
莫名闪退冰绝绝	52	0.5	591	2	54	0.5	109	2	5.0
狂扁小朋友	-1	-1	456	-1	-1	-1	-1	-1	-4.0
咖喱蛋包饭	-1	-1	575	1.5	-1	-1	-1	-1	-1.5
江湖故人归何处	-1	-1	280	-1	39	-1	2	-1	-2.0
夜语	65	1.5	487	-0.5	67	1.5	109	2	4.5
带刺的玫瑰	-1	-1	-1	-1	-1	-1	108	1.5	-1.5
Sakura	-1	-1	241	-1	-1	-1	-1	-1	-4.0
清风	67	1.5	587	1.5	63	1	109	2	6.0
柚稚	53	0.5	316	-1	-1	-1	-1	-1	-2.5
讨厌的周末	46	-0.5	546	1	50	-0.5	109	2	2.0
真心是奢侈	49	-0.5	-1	-1	51	-0.5	-1	-1	-3.0
约炮加下好友	-1	-1	494	-0.5	-1	-1	-1	-1	-3.5
此生必上忍者琳	-1	-1	549	1	56	0.5	109	2	2.5
睡意朦胧苏墨墨	45	-1	187	-1	46	-0.5	-1	-1	-1.75
今天又是满课呀	54	0.5	-1	-1	52	0.5	109	2	2.0
 	60	1	464	-1	57	0.5	109	2	2.5
与春风皆过客	41	-1	-1	-1	37	-1	105	0.5	-1.25
晓月烈雷暴丸	-1	-1	-1	-1	51	-0.5	107	1	-1.5
胖ω丁	48	-0.5	553	1	50	-0.5	108	1.5	1.5
皮ω西	70	2	597	2	-1	-1	109	2	5.0
玖玖	52	0.5	-1	-1	-1	-1	108	1.5	0.0
s炮加个好友	59	0.5	427	-1	59	0.5	109	2	2.0
爱吃奶油羊	69	1.5	590	2	72	2	109	2	7.5
Any咕咕	49	-0.5	-1	-1	-1	-1	109	2	-0.5
勿忘归	51	-0.5	549	1	54	0.5	-1	-1	0.0
跑图白给兔飞飞	65	1.5	558	1	62	1	109	2	5.5
莫名欧气帅祖祖	-1	-1	-1	-1	47	-0.5	109	2	-0.5
Any帷帷	53	0.5	-1	-1	-1	-1	108	1.5	0.0
有泮	49	-0.5	431	-1	-1	-1	-1	-1	-3.5
莫名可爱筝妹妹	52	0.5	466	-1	55	0.5	109	2	2.0
一只可爱多	50	-0.5	547	1	53	0.5	109	2	3.0
火柴侠	-1	-1	505	-0.5	50	-0.5	-1	-1	-3.0
莫名喵喵富萝莉	-1	-1	-1	-1	44	-1	-1	-1	-4.0
M、Moo	46	-0.5	436	-1	48	-0.5	-1	-1	-1.5
兔兔辣么可爱	75	3	574	1.5	-1	-1	109	2	5.5
错位・节拍	45	-1	459	-1	-1	-1	-1	-1	-4.0
嘿来啊	65	1.5	530	0.5	60	1	109	2	5.0
白	51	-0.5	449	-1	-1	-1	-1	-1	-3.5
99、Lee	44	-1	448	-1	45	-1	106	1	-1.0
哈哈哈哈哈	-1	-1	-1	-1	47	-0.5	101	-0.5	-3.0
初秋、既白	55	0.5	556	1	57	0.5	109	2	4.0
鬼鬼death	-1	-1	407	-1	47	-0.5	109	2	-0.25
约火包加谁好友	-1	-1	-1	-1	42	-1	97	-1	-4.0
冲击之刃	-1	-1	360	-1	-1	-1	-1	-1	-4.0
黑丝姬米	58	0.5	586	1.5	61	1	109	2	5.0
yang飞皇	54	0.5	577	1.5	56	0.5	-1	-1	1.5
风之夏云雨晴	-1	-1	161	-1	-1	-1	-1	-1	-4.0
云深不知处	44	-1	529	0.5	55	0.5	106	1	1.0
栖夜	-1	-1	470	-0.5	49	-0.5	-1	-1	-3.0
蔡肥肥	45	-1	445	-1	48	-0.5	96	-1	-1.75
青青子衿	42	-1	450	-1	48	-0.5	107	1	-0.75
晴栀	52	0.5	473	-0.5	-1	-1	-1	-1	-2.0
小白做灯伴终生	47	-0.5	461	-1	51	-0.5	109	2	0.0
五花山牛驼子	-1	-1	-1	-1	39	-1	93	-1	-4.0
初秋、诺诺	66	1.5	596	2	67	1.5	109	2	7.0
纳百川	-1	-1	440	-1	55	0.5	-1	-1	-2.5
土豆炖排骨	49	-0.5	445	-1	53	0.5	109	2	1.0
左拥右抱陈北北	51	-0.5	549	1	56	0.5	109	2	3.0
细雨	45	-1	340	-1	43	-1	-1	-1	-2.0
小火山呐	50	-0.5	551	1	55	0.5	109	2	3.0
不能忍、火火	-1	-1	-1	-1	-1	-1	105	0.5	-2.5
红豆	38	-1	-1	-1	-1	-1	-1	-1	-4.0
初秋、夯先生	49	-0.5	460	-1	49	-0.5	105	0.5	-0.75
Ming	59	0.5	482	-0.5	58	0.5	106	1	1.5
一盏青灯渡佳人	65	1.5	568	1	66	1.5	109	2	6.0
苍笙踏歌紫七七	-1	-1	597	2	43	-1	-1	-1	-1.0
小b下忍	60	1	563	1	55	0.5	109	2	4.5
初秋、千坂	-1	-1	-1	-1	43	-1	102	-0.5	-3.5
土豆泥	51	-0.5	479	-0.5	53	0.5	109	2	1.5
哈撒给	59	0.5	546	1	-1	-1	-1	-1	-0.5
