lidai	20191108	20191116	20191117	20191123	20191124	20191129	20191215_2	max	average	times
	49	60	57	60	59	55	-1	60	56.6666666667	6
Trialz	-1	-1	-1	-1	-1	0	-1	0	0.0	1
跑图白给兔飞	-1	-1	-1	62	-1	-1	-1	62	62.0	1
奇异博士	54	-1	-1	-1	-1	-1	-1	54	54.0	1
Wh1t3zz	75	74	76	73	75	75	74	76	74.5714285714	7
莫名闪退冰绝绝	53	52	54	53	60	57	-1	60	54.8333333333	6
Sakura	-1	-1	-1	-1	-1	-1	54	54	54.0	1
今天又是满课呀	65	54	52	-1	-1	-1	-1	65	57.0	3
与春风皆过客	-1	41	37	45	44	-1	-1	45	41.75	4
哈哈哈哈哈	45	-1	47	-1	46	46	45	47	45.8	5
不能忍、火火	-1	-1	-1	-1	-1	52	-1	52	52.0	1
s炮加个好友	60	59	59	60	63	67	68	68	62.2857142857	7
有琴无音	-1	-1	-1	-1	-1	67	-1	67	67.0	1
爱吃奶油羊	69	69	72	71	67	-1	64	72	68.6666666667	6
月浮夜微凉ツ	72	-1	-1	-1	-1	-1	-1	72	72.0	1
勿忘归	59	51	54	58	61	62	63	63	58.2857142857	7
莫名欧气帅祖祖	49	-1	47	-1	-1	-1	-1	49	48.0	2
M、Moo	-1	46	48	-1	-1	-1	-1	48	47.0	2
黑丝姬米	-1	58	61	58	65	64	59	65	60.8333333333	6
可怜无助但能坑	-1	-1	-1	62	59	62	66	66	62.25	4
小白做灯伴终生	49	47	51	47	46	51	64	64	50.7142857143	7
土豆炖排骨	-1	49	53	-1	50	43	-1	53	48.75	4
晓月烈雷暴丸	-1	-1	51	54	61	-1	-1	61	55.3333333333	3
红豆	0	38	-1	38	-1	-1	-1	38	25.3333333333	3
初秋、夯先生	-1	49	49	-1	53	-1	41	53	48.0	4
真心是奢侈	-1	49	51	-1	52	-1	47	52	49.75	4
弦语Z	-1	-1	-1	-1	-1	66	68	68	67.0	2
白ベ熊怪	40	-1	-1	-1	-1	18	-1	40	29.0	2
小b下忍	55	60	55	58	55	68	-1	68	58.5	6
世间灯火长明	-1	-1	-1	50	52	56	-1	56	52.6666666667	3
困死了	60	54	58	58	59	57	61	61	58.1428571429	7
桃子夏	64	-1	57	61	60	65	68	68	62.5	6
此生必上忍者琳	53	-1	56	-1	61	63	-1	63	58.25	4
一盏青灯渡佳人	68	65	66	66	65	67	65	68	66.0	7
苍笙踏歌紫七七	-1	-1	43	-1	-1	-1	49	49	46.0	2
跑图白给兔飞飞	61	65	62	-1	62	65	61	65	62.6666666667	6
咖喱蛋包饭丶	-1	-1	-1	-1	-1	41	53	53	47.0	2
细袖蔷薇	-1	-1	-1	-1	-1	53	56	56	54.5	2
也好先生	22	-1	-1	-1	-1	-1	-1	22	22.0	1
兔兔辣么可爱	75	75	-1	75	-1	70	-1	75	73.75	4
白	-1	51	-1	-1	46	-1	-1	51	48.5	2
代肝最强阿木木	-1	-1	-1	-1	-1	-1	71	71	71.0	1
啾啾	-1	-1	-1	-1	-1	52	-1	52	52.0	1
约火包加谁好友	72	-1	42	49	50	-1	49	72	52.4	5
花舞丶千痕	-1	-1	-1	-1	-1	76	-1	76	76.0	1
约炮加她好友	47	-1	-1	-1	-1	-1	-1	47	47.0	1
栖夜	-1	-1	49	-1	-1	-1	-1	49	49.0	1
哈撒给	59	59	-1	-1	57	46	59	59	56.0	5
青伞	-1	-1	-1	66	72	-1	68	72	68.6666666667	3
鬼鬼death	-1	-1	47	-1	47	-1	45	47	46.3333333333	3
晴栀	42	52	-1	51	49	-1	50	52	48.8	5
长安	49	-1	-1	-1	-1	-1	-1	49	49.0	1
叫我女王大人	-1	-1	-1	-1	-1	48	-1	48	48.0	1
左拥右抱陈北北	50	51	56	-1	-1	54	-1	56	52.75	4
细雨	45	45	43	45	44	49	-1	49	45.1666666667	6
小火山呐	48	50	55	54	58	50	69	69	54.8571428571	7
云深不知处	58	44	55	-1	-1	-1	-1	58	52.3333333333	3
风间琉璃	46	-1	-1	-1	-1	-1	-1	46	46.0	1
心有萌虎	-1	-1	-1	-1	-1	56	53	56	54.5	2
莫名欧气帅祖	-1	-1	-1	53	-1	-1	-1	53	53.0	1
彼岸霓虹彼岸歌	-1	57	-1	58	-1	-1	-1	58	57.5	2
夜语	64	65	67	68	71	59	67	71	65.8571428571	7
讨厌的周末	-1	46	50	47	48	-1	-1	50	47.75	4
睡意朦胧苏墨墨	49	45	46	-1	19	52	59	59	45.0	6
莫名没鞋金木木	44	-1	-1	-1	-1	-1	-1	44	44.0	1
功夫不好不要	-1	-1	-1	-1	-1	-1	41	41	41.0	1
Any咕咕	-1	49	-1	-1	-1	-1	-1	49	49.0	1
莫名喵喵富萝莉	-1	-1	44	-1	-1	-1	-1	44	44.0	1
有泮	-1	49	-1	-1	-1	51	-1	51	50.0	2
风之夏云雨晴	39	-1	-1	-1	-1	-1	-1	39	39.0	1
莫名纠结邦妮妮	-1	-1	-1	-1	-1	-1	43	43	43.0	1
冲击之刃	-1	-1	-1	-1	-1	18	-1	18	18.0	1
99、Lee	-1	44	45	-1	-1	-1	-1	45	44.5	2
森白月光	-1	-1	-1	-1	-1	-1	42	42	42.0	1
青青子衿	-1	42	48	46	47	-1	-1	48	45.75	4
蛋糕奶茶加珍珠	-1	-1	-1	-1	48	51	-1	51	49.5	2
莫得感情	-1	-1	-1	-1	-1	52	45	52	48.5	2
一只可爱多	48	50	53	49	52	54	60	60	52.2857142857	7
五花山牛驼子	41	-1	39	-1	38	-1	-1	41	39.3333333333	3
静夜思语	-1	-1	-1	49	-1	34	-1	49	41.5	2
Clearlovex	51	-1	-1	-1	-1	-1	-1	51	51.0	1
此生必上忍者环	-1	-1	-1	59	-1	-1	-1	59	59.0	1
初秋、千坂	-1	-1	43	51	52	54	52	54	50.4	5
火柴侠	53	-1	50	-1	-1	-1	-1	53	51.5	2
清风	66	67	63	63	72	69	-1	72	66.6666666667	6
海映天蔚蓝ツ	-1	-1	-1	49	52	-1	52	52	51.0	3
柚稚	53	53	-1	-1	-1	-1	-1	53	53.0	2
约炮加下好友	-1	-1	-1	47	47	-1	-1	47	47.0	2
胖ω丁	72	48	50	59	51	71	60	72	58.7142857143	7
皮ω西	72	70	-1	70	74	73	72	74	71.8333333333	6
玖玖	-1	52	-1	53	50	-1	-1	53	51.6666666667	3
Any帷帷	59	53	-1	-1	-1	61	-1	61	57.6666666667	3
莫名可爱筝妹妹	-1	52	55	53	50	-1	53	55	52.6	5
要命	-1	-1	-1	-1	-1	-1	65	65	65.0	1
嘿来啊	45	65	60	68	67	40	68	68	59.0	7
风吹	-1	-1	-1	-1	-1	24	-1	24	24.0	1
初秋、既白	62	55	57	61	64	70	-1	70	61.5	6
yang飞皇	59	54	56	58	57	62	63	63	58.4285714286	7
江湖故人归何处	1	-1	39	-1	42	55	-1	55	34.25	4
海不迎我自来也	-1	45	-1	-1	-1	-1	40	45	42.5	2
初秋、诺诺	65	66	67	66	64	63	67	67	65.4285714286	7
纳百川	48	-1	55	-1	56	56	52	56	53.4	5
Ming	55	59	58	56	56	64	52	64	57.1428571429	7
蔡肥肥	-1	45	48	45	-1	43	-1	48	45.25	4
土豆泥	49	51	53	-1	55	51	-1	55	51.8	5
total	1863	1777	1753	1841	1860	1921	1898
