jinbi	20191115	20191206	20191208_2	20191214_2	max	average	times
Trialz	37	-1	-1	-1	37	37.0	1
	3020	3002	3004	-1	3020	3008.66666667	3
Wh1t3zz	2814	2957	2892	2998	2998	2915.25	4
莫名闪退冰绝绝	-1	3023	3043	2913	3043	2993.0	3
椒妹	-1	1968	-1	-1	1968	1968.0	1
细族	1830	-1	-1	-1	1830	1830.0	1
与春风皆过客	-1	-1	2477	-1	2477	2477.0	1
青伞	-1	2861	2862	2855	2862	2859.33333333	3
不能忍、火火	2700	-1	-1	-1	2700	2700.0	1
s炮加个好友	-1	2951	2939	-1	2951	2945.0	2
有琴无音	-1	2888	2911	-1	2911	2899.5	2
爱吃奶油羊	-1	2910	3045	-1	3045	2977.5	2
勿忘归	2917	3007	2993	3019	3019	2984.0	4
莫名欧气帅祖祖	2113	2812	-1	-1	2812	2462.5	2
黑丝姬米	2983	2837	2810	2737	2983	2841.75	4
嘟嘟强	1504	-1	-1	-1	1504	1504.0	1
可怜无助但能坑	-1	2981	3013	2954	3013	2982.66666667	3
小白做灯伴终生	2910	2990	3016	-1	3016	2972.0	3
土豆炖排骨	-1	1797	2636	2763	2763	2398.66666667	3
晓月烈雷暴丸	2986	-1	-1	-1	2986	2986.0	1
红豆	75	2089	2069	-1	2089	1411.0	3
初秋、夯先生	-1	2654	-1	2704	2704	2679.0	2
要命	-1	-1	-1	2970	2970	2970.0	1
一盏青灯渡佳人	-1	2894	2870	2888	2894	2884.0	3
白ベ熊怪	2291	2781	-1	2546	2781	2539.33333333	3
小b下忍	-1	-1	-1	2459	2459	2459.0	1
世间灯火长明	-1	2730	-1	2725	2730	2727.5	2
困死了	2855	2951	2926	2933	2951	2916.25	4
桃子夏	-1	2999	3016	3015	3016	3010.0	3
此生必上忍者琳	-1	2840	-1	-1	2840	2840.0	1
弦语Z	-1	2968	2994	2908	2994	2956.66666667	3
苍笙踏歌紫七七	-1	-1	2954	3030	3030	2992.0	2
咖喱蛋包饭丶	-1	1943	-1	2967	2967	2455.0	2
细袖蔷薇	-1	-1	2874	2653	2874	2763.5	2
兔兔辣么可爱	3043	-1	2994	3047	3047	3028.0	3
代肝最强阿木木	-1	3003	2987	3014	3014	3001.33333333	3
约火包加谁好友	2902	2892	2965	2921	2965	2920.0	4
花舞丶千痕	-1	2898	3027	-1	3027	2962.5	2
哈撒给	-1	-1	-1	2307	2307	2307.0	1
鬼鬼death	2811	2864	2906	-1	2906	2860.33333333	3
晴栀	-1	-1	-1	2455	2455	2455.0	1
叫我女王大人	-1	-1	-1	1648	1648	1648.0	1
左拥右抱陈北北	-1	2922	-1	-1	2922	2922.0	1
细雨	-1	1772	1827	-1	1827	1799.5	2
哈哈哈哈哈	-1	2891	2944	2906	2944	2913.66666667	3
云深不知处	2756	-1	-1	-1	2756	2756.0	1
小火山呐	-1	2867	2876	2851	2876	2864.66666667	3
跑图白给兔飞飞	2891	2924	2927	2801	2927	2885.75	4
心有萌虎	-1	2955	2897	2813	2955	2888.33333333	3
阿小生	-1	2094	-1	-1	2094	2094.0	1
夜语	-1	2709	2948	2897	2948	2851.33333333	3
讨厌的周末	2974	-1	3018	2613	3018	2868.33333333	3
睡意朦胧苏墨墨	2801	2752	2622	2653	2801	2707.0	4
功夫不好不要	-1	-1	-1	2026	2026	2026.0	1
Any咕咕	-1	2853	-1	-1	2853	2853.0	1
莫名喵喵富萝莉	39	-1	-1	-1	39	39.0	1
有泮	2742	2786	-1	-1	2786	2764.0	2
风之夏云雨晴	2793	2733	2801	2698	2801	2756.25	4
莫名纠结邦妮妮	-1	-1	2768	-1	2768	2768.0	1
冲击之刃	-1	2497	2613	2502	2613	2537.33333333	3
翩落雪无音	-1	-1	-1	3040	3040	3040.0	1
森白月光	2678	2791	2818	-1	2818	2762.33333333	3
青青子衿	2785	2697	-1	-1	2785	2741.0	2
莫得感情	-1	2693	2932	2934	2934	2853.0	3
略略略	2962	-1	-1	-1	2962	2962.0	1
一只可爱多	2879	2900	2902	2899	2902	2895.0	4
五花山牛驼子	-1	1955	-1	-1	1955	1955.0	1
静夜思语	2941	2884	2891	2801	2941	2879.25	4
清风	-1	2682	2920	3010	3010	2870.66666667	3
柚稚	2668	2588	-1	-1	2668	2628.0	2
海映天蔚蓝ツ	-1	2804	2891	-1	2891	2847.5	2
胖ω丁	928	-1	3059	2953	3059	2313.33333333	3
皮ω西	3045	3041	3027	3033	3045	3036.5	4
玖玖	-1	-1	2224	-1	2224	2224.0	1
桃	3006	-1	-1	-1	3006	3006.0	1
Any帷帷	-1	2873	-1	2786	2873	2829.5	2
莫名可爱筝妹妹	-1	2830	2544	2655	2830	2676.33333333	3
火柴侠	2853	2484	-1	2756	2853	2697.66666667	3
嘿来啊	-1	2588	2835	2927	2927	2783.33333333	3
初秋、既白	3002	3005	2967	3018	3018	2998.0	4
yang飞皇	2831	2810	2784	2825	2831	2812.5	4
江湖故人归何处	45	59	-1	2381	2381	828.333333333	3
海不迎我自来也	-1	2885	-1	-1	2885	2885.0	1
冬咚咚	-1	2330	2321	871	2330	1840.66666667	3
初秋、诺诺	2921	2972	2998	2972	2998	2965.75	4
纳百川	2284	-1	2516	2558	2558	2452.66666667	3
无聊的孔乙己	37	-1	-1	-1	37	37.0	1
Ming	2803	-1	-1	-1	2803	2803.0	1
蔡肥肥	-1	2268	-1	-1	2268	2268.0	1
土豆泥	1787	2629	2755	2493	2755	2416.0	4
只玩冰弓西瓜瓜	-1	-1	2938	-1	2938	2938.0	1
total	86272	88158	89210	88311
