name	baoxiang_20191130_1	score	wujin_20191130_2	score	hetun_20191201_1	score	baoxiang_20191201_2	score	total_score
Trialz	-1	-1	-1	-1	-1	-1	-1	-1	-4.0
Wh1t3zz	57	1.5	4067	2	137	0	55	1.5	5.0
莫名闪退冰绝绝	50	0.5	4067	2	139	0	50	0.5	3.0
Sakura	-1	-1	-1	-1	131	0	-1	-1	-3.0
 	55	1.5	-1	-1	141	0	-1	-1	-0.5
与春风皆过客	-1	-1	-1	-1	131	0	37	-1	-3.0
哈哈哈哈哈	-1	0	-1	0	100	0	45	-0.5	-0.5
不能忍、火火	38	-1	2520	-0.5	-1	-1	-1	-1	-3.5
s炮加个好友	-1	0	-1	-1	149	0	52	1	0.0
有琴无音	42	-0.5	4067	2	123	0	56	1.5	3.0
爱吃奶油羊	57	1.5	4067	2	159	0	57	1.5	5.0
勿忘归	48	0.5	2740	0.5	135	0	53	1	2.0
莫名欧气帅祖祖	54	0	-1	0	-1	-1	-1	-1	-2.0
M、Moo	-1	-1	-1	-1	-1	-1	-1	-1	-4.0
黑丝姬米	57	1.5	4067	2	158	0	53	1	4.5
嘟嘟强	42	-0.5	2430	-0.5	-1	-1	-1	-1	-3.0
可怜无助但能坑	50	0.5	3792	1.5	159	0	51	0.5	2.5
小白做灯伴终生	44	-0.5	4067	2	151	0	41	-1	0.5
夜语	55	1.5	4067	2	151	0	56	1.5	5.0
红豆	-1	-1	1640	-1	107	0	-1	-1	-3.0
冷眸☆梦羽	-1	-1	-1	-1	-1	-1	-1	-1	-4.0
真心是奢侈	37	-1	-1	-1	-1	-1	-1	-1	-4.0
一盏青灯渡佳人	55	1.5	4067	2	130	0	54	1	4.5
白ベ熊怪	44	-0.5	1708	-1	-1	0	28	0	-1.5
也好先生	-1	0	-1	0	-1	-1	-1	-1	-2.0
世间灯火长明	39	-1	4067	1	-1	-1	-1	0	-1.0
困死了	49	0.5	4033	1.5	125	0	46	-0.5	1.5
桃子夏	57	1.5	3669	1.5	151	0	56	1.5	4.5
林青	-1	-1	-1	-1	-1	-1	-1	-1	-4.0
初秋、夯先生	-1	0	-1	0	-1	-1	-1	-1	-2.0
苏仙阁、星语	-1	-1	-1	-1	-1	-1	-1	-1	-4.0
此生必上忍者琳	53	1	1742	-1	134	0	49	0.25	0.25
弦语Z	55	1.5	3892	0.75	142	0	55	1.5	3.75
苍笙踏歌紫七七	58	2	4067	2	-1	0	-1	0	4.0
咖喱蛋包饭丶	56	1.5	-1	0	-1	0	-1	0	1.5
细袖蔷薇	55	1.5	1732	-1	88	0	55	1.5	2.0
小b下忍	52	1	4067	2	-1	-1	-1	-1	1.0
兔兔辣么可爱	55	0.75	4067	1	-1	0	56	0.75	2.5
白	39	-1	1743	-1	-1	0	-1	0	-2.0
约火包加谁好友	-1	0	-1	0	123	0	46	-0.5	-0.5
花舞丶千痕	58	2	4067	2	145	0	58	2	6.0
栖夜	-1	-1	-1	-1	-1	-1	-1	-1	-4.0
哈撒给	56	1.5	1935	-1	115	0	48	0.5	1.0
鬼鬼death	51	0.5	2772	0.5	121	0	52	1	2.0
晴栀	47	-0.5	4067	2	-1	0	-1	0	1.5
叫我女王大人	-1	0	-1	0	-1	0	-1	0	0.0
左拥右抱陈北北	-1	-1	1358	-1	-1	-1	-1	-1	-4.0
细雨	40	-1	2010	-1	-1	-1	41	-1	-2.0
青伞	-1	-1	4067	2	139	0	54	1	2.0
小火山呐	58	2	4067	2	129	0	58	2	6.0
跑图白给兔飞飞	53	0	3935	0.75	137	0	53	1	1.75
心有萌虎	55	1.5	3836	1.5	144	0	55	1.5	4.5
Xing	-1	-1	-1	-1	-1	-1	-1	-1	-4.0
彼岸霓虹彼岸歌	-1	-1	-1	-1	122	0	-1	-1	-3.0
阿小生	-1	-1	-1	-1	-1	-1	-1	-1	-4.0
土豆炖排骨	-1	-1	-1	-1	124	0	-1	-1	-3.0
讨厌的周末	57	1.5	4067	2	112	0	57	1.5	5.0
睡意朦胧苏墨墨	51	0.5	-1	-1	129	0	51	0.5	0.0
Any咕咕	43	0	-1	0	-1	0	-1	0	0.0
冲击之刃	-1	-1	-1	-1	-1	0	-1	0	-2.0
风之夏云雨晴	-1	0	1491	0	-1	-1	-1	-1	-2.0
莫名纠结邦妮妮	37	-1	185	-1	136	0	38	-1	-1.5
有泮	29	-1	2868	0.5	-1	-1	-1	-1	-2.5
99、Lee	-1	-1	-1	-1	-1	-1	-1	-1	-4.0
森白月光	-1	-1	-1	-1	132	0	-1	0	-2.0
青青子衿	-1	0	-1	0	122	0	41	-1	-1.0
蛋糕奶茶加珍珠	-1	0	-1	0	-1	0	-1	0	0.0
莫得感情	-1	0	-1	0	136	0	51	0.5	0.5
阿隆	-1	-1	-1	-1	-1	-1	-1	-1	-4.0
一只可爱多	50	0.5	2886	0.5	116	0	52	1	2.0
五花山牛驼子	-1	-1	-1	-1	-1	-1	-1	-1	-4.0
静夜思语	43	-0.5	-1	-1	142	0	-1	-1	-2.5
初秋、千坂	32	0	-1	0	-1	0	38	0	0.0
带刺的玫瑰	-1	-1	-1	0	-1	0	-1	0	-1.0
啾啾ˇ	-1	-1	-1	-1	-1	-1	-1	-1	-4.0
清风	57	1.5	4067	2	-1	-1	57	1.5	4.0
海映天蔚蓝ツ	45	-0.5	4067	2	135	0	44	-0.5	1.0
柚稚	30	-1	-1	-1	-1	-1	37	-1	-4.0
约炮加下好友	-1	0	-1	0	-1	-1	45	-0.5	-1.5
胖ω丁	56	1.5	-1	-1	120	0	-1	-1	-0.5
皮ω西	58	1	4067	1	176	0	57	1.5	3.5
玖玖	44	-0.5	2711	-0.5	-1	-1	47	-0.5	-1.25
Any帷帷	52	0	-1	0	-1	0	-1	0	0.0
莫名可爱筝妹妹	48	0.5	4067	1	151	0	44	-0.5	1.0
火柴侠	54	1	-1	-1	130	0	-1	-1	-1.0
嘿来啊	50	0.5	2469	-0.5	116	0	57	1.5	1.5
风吹	56	1.5	-1	-1	138	0	57	0.75	1.25
初秋、既白	57	1.5	4067	2	134	0	58	2	5.5
yang飞皇	54	1	4009	1.5	141	0	50	0.5	3.0
江湖故人归何处	36	-1	1731	-1	69	0	38	-1	-1.5
渎书人|拌公室	38	-1	2855	0.5	-1	-1	-1	-1	-2.5
海不迎我自来也	39	-1	4067	2	145	0	-1	-1	0.0
初秋、诺诺	58	2	3661	1.5	146	0	58	2	5.5
纳百川	41	-1	2517	-0.5	125	0	43	-0.5	-1.0
狂扁小朋友	-1	-1	1640	-1	-1	-1	-1	-1	-4.0
Ming	53	1	4067	2	125	0	-1	-1	2.0
蔡肥肥	-1	-1	2712	-0.5	-1	-1	38	-1	-3.5
土豆泥	-1	0	-1	0	116	0	-1	-1	-1.0
只玩冰弓西瓜瓜	43	-0.5	4028	1.5	140	0	44	-0.5	0.5
