shenyuan	20191129
名字	排名	总伤害	次数
皮ω西	1	4741019	19
苍笙踏歌紫七七	2	4217356	18
胖ω丁	3	4120861	19
爱吃奶油羊	4	3673739	19
桃子夏	5	3636442	18
黑丝姬	6	3531047	17
不能忍、火火	7	3260415	16
清风	8	3148603	16
初秋、既白	9	3039278	19
小白做灯伴终生	10	3033968	16
Wh1t3zz	11	2992283	18
小火山呐	12	2989563	17
Ming	13	2950046	18
莫名闪退冰绝绝	14	2842088	17
有琴无音	15	2797588	19
晴栀	16	2789076	18
跑图白给兔飞飞	17	2740754	17
Any帷帷	18	2698112	16
Any咕咕	19	2628037	18
讨厌的周末	20	2609249	18
约火包加谁好友	21	2474232	18
莫名可爱筝妹妹	22	2417429	17
yang飞皇	23	2315223	18
一盏青灯渡佳人	24	2304786	12
栖夜	25	2280258	18
初秋、诺诺	26	2270794	18
勿忘归	27	2245835	18
心有萌虎	28	2243711	17
初秋、夯先生	29	2163863	17
莫得感情	30	2071837	18
可怜无助但能坑	31	2042799	14
一只可爱多	32	2016773	17
青伞	33	1988257	16
只玩冰弓西瓜瓜	34	1963838	17
土豆泥	35	1879655	16
左拥右抱陈北北	36	1853272	14
海映天蔚蓝ツ	37	1842255	8
鬼鬼death  	38	1834700	17
s炮加个好友	39	1808819	8
夜语	40	1753504	15
世间灯火长明	41	1619193	13
咖喱蛋包饭丶	42	1565430	8
渎书人ㄧ拌公室	43	1563570	19
蛋糕奶茶加珍珠	44	1423037	10
弦ZニZ	45	1375328	8
冲击之刃	46	1361719	19
纳百川	47	1301936	15
苏仙阁、星语	48	1269080	10
初秋、千坂	49	1258635	13
Sakura	50	1241980	8
叫我女王大人	51	1145199	17
土豆炖排骨	52	1086707	13
静夜思语	53	1079155	18
白ベ熊怪	54	1040105	18
五花山牛驼子	55	995977	17
青青子衿	56	989434	12
困死了	57	910939	4
阿隆	58	870244	6
红豆精	59	855728	9
小b下忍	60	852323	3
嘿来啊	61	837188	17
英	62	809753	3
玖族	63	728975	5
柚稚	64	727556	8
99、Lee	65	717935	6
M、Moo	66	715011	7
狂扁小朋友	67	663373	7
细袖蔷薇	68	658854	14
莫名欧气帅祖祖	69	636361	7
此生必上忍者琳	70	597091	5
哈哈哈哈哈	71	585134	11
与春风皆过客	72	578495	6
嘟嘟强	73	549449	4
阿小生	74	527208	6
细雨	75	520575	14
睡意朦胧苏墨墨	76	495766	13
海不迎我自来也	77	493019	3
蔡肥肥	78	448404	4
有泮	79	419203	5
约炮加下好友	80	313572	4
花舞丶千痕	81	306679	7
真心是奢侈	82	296949	4
白	83	240569	3
火柴侠	84	225265	4
风之夏云雨晴	85	173143	4
江湖故人归何处	86	168340	8
啾啾ˇ	87	154071	3
