shenyuan	20191213
名字	排名	总伤害	次数
皮ω西	1	5253101	19
苍笙踏歌紫七七	2	4843735	18
爱吃奶油羊	3	4101415	20
讨厌的周末	4	4022032	19
胖丁	5	3771007	19
一盏青灯渡佳人	6	3738950	19
清风	7	3728469	19
桃子夏	8	3683322	18
黑丝姬米	9	3479279	19
冰山蝶雨忆江南	10	3463316	16
Any咕咕	11	3456016	19
代肝最强阿木木	12	3449933	18
小火山呐	13	3441842	19
养猫咪的Cyt	14	3221231	19
初秋、既白	15	3201937	19
夜语	16	3157259	19
Any帷帷	17	2978574	19
Whlt3zz	18	2976962	17
椒妹	19	2971138	19
约火包加谁好友	20	2919651	20
世间灯火长明	21	2886295	18
小白做灯伴终生	22	2880267	19
Ming	23	2847685	18
困死了	24	2831371	18
与春风皆过客	25	2763765	19
晴栀	26	2690316	18
勿忘归	27	2583540	19
海映天蔚蓝ツ	28	2528726	12
莫名闪退冰绝绝	29	2497500	14
海不迎我自来也	30	2495359	15
弦ZニZ	31	2478626	15
可怜无助但能坑	32	2468943	17
Sakura	33	2386847	19
yang飞皇	34	2384986	18
初秋、诺诺	35	2322358	18
青伞	36	2223755	18
跑图白给兔飞飞	37	2187552	19
要命	38	2158225	17
哈撒给	39	2014477	19
一只可爱多	40	1973449	18
莫名可爱筝妹妹	41	1819646	18
小b下忍	42	1764701	17
初秋、夯先生	43	1749250	17
冷眸☆梦羽	44	1660077	15
翩落雪无音	45	1648322	8
鬼鬼death  	46	1626679	16
青青子衿	47	1569245	11
睡意朦胧苏墨墨	48	1384627	17
纳百川	49	1384070	18
嘟嘟强	50	1372069	14
嘿来啊	51	1293880	19
土豆泥	52	1153691	7
森白月光	53	1150016	8
初秋、千坂	54	1112855	9
白ベ熊怪	55	1112305	20
冬咚咚	56	1008290	15
细雨	57	964241	14
莫名欧气帅祖祖	58	861600	10
莫得感情	59	827303	7
~孬夯呃	60	786648	13
哈哈哈哈哈	61	769864	16
栖夜	62	754713	5
江湖故人归何处	63	750396	6
土豆炖排骨	64	741632	6
莫名纠结邦妮妮	65	741091	8
s炮加个好友	66	692652	6
花舞丶千痕	67	641897	3
玖玖	68	577533	6
细袖蔷薇	69	555632	17
叫我女王大人	70	504386	4
	71	477241	2
此生必上忍者琳	72	477045	8
风之夏云雨晴	73	393548	5
天下谷	74	374053	3
心有萌虎	75	304788	5
Trialz	76	220327	7
火柴侠	77	124234	4
冲击之刃	78	76987	5
