shenyuan	20191208
名字	排名	总伤害	次数
皮ω西	1	4187963	18
胖ω丁	2	4052433	18
花舞丶千痕	3	3998098	18
爱吃奶油羊	4	3632630	17
莫名闪退冰绝绝	5	3459497	19
桃子夏	6	3407902	17
代肝最强阿木木	7	3387176	16
黑丝姬米	8	3323874	17
Ming	9	3239403	19
海不迎我自来也	10	3172426	15
讨厌的周末	11	3132667	17
椒妹	12	3124464	19
有琴无音	13	3054109	16
莫名纠结邦妮妮	14	3007159	16
弦ZニZ	15	2826047	18
小火山呐	16	2805112	17
一盏青灯渡佳人	17	2646195	13
海映天蔚蓝ツ	18	2644412	16
初秋、既白	19	2626231	16
莫得感情	20	2602676	18
养猫咪的Cyt	21	2517020	17
困死了	22	2464190	19
跑图白给兔飞飞	23	2447519	19
清风	24	2337219	11
Sakura	25	2303055	18
心有萌虎	26	2253261	15
咖喱蛋包饭	27	2229464	15
可怜无助但能坑	28	2193997	18
晴栀	29	2186970	14
夜语	30	2172579	19
狂扁小朋友	31	2166656	18
只玩冰弓西瓜瓜	32	2161825	16
苍笙踏歌紫七七	33	2128002	9
冲击之刃	34	2078801	18
嘿来啊	35	1984713	19
Wh1t3zz	36	1965635	13
一只可爱多	37	1951274	15
世间灯火长明	38	1901378	16
青青子衿	39	1844506	14
青伞	40	1827797	15
冷眸☆梦羽	41	1824455	10
鬼鬼death  	42	1778599	14
初秋、诺诺	43	1680441	14
此生必上忍者琳	44	1663907	16
左拥右抱陈北北	45	1516632	10
小白做灯伴终生	46	1489509	12
静夜思语	47	1358968	13
小b下忍	48	1337362	15
勿忘归	49	1275331	9
yang飞皇	50	1240551	12
白ベ熊怪	51	1148313	19
哈撒给	52	1136075	12
阿小生	53	1102377	9
红豆	54	1079454	8
森白月光	55	1075611	5
风之夏云雨晴	56	1036105	15
土豆泥	57	887874	7
玖玖	58	801473	5
细袖蔷薇	59	775193	13
约火包加谁好友	60	743186	7
初秋、千坂	61	721207	8
江湖故人归何处	62	691941	11
叫我女王大人	63	688234	13
细雨	64	685672	8
柚稚	65	565773	6
栖夜	66	527620	3
土豆炖排骨	67	515283	8
s炮加个好友	68	482835	3
嘟嘟强	69	419091	3
冬咚咚	70	406405	5
真心是奢侈	71	332279	3
Trialz	72	330682	3
火柴侠	73	304241	5
	74	295279	3
纳百川	75	264733	3
睡意朦胧苏墨墨	76	98872	6
